$ 1 0.000005 10.20027730826997 50 5 50 5e-11
f 272 240 352 240 32 1.5 0.02
r 272 240 272 336 0 1000
r 352 256 352 336 0 100
w 272 336 352 336 0
162 352 336 352 400 2 default-led 1 0 0 0.01
g 352 400 384 400 0 0
v 272 160 352 160 0 0 40 3.1 0 0 0.5
w 352 160 352 224 0
w 352 256 384 256 0
w 352 224 384 224 0
d 384 256 384 224 2 default
s 208 240 272 240 0 1 false
v 144 240 208 240 0 0 40 3.2 0 0 0.5
g 144 240 144 288 0 0
g 272 160 272 192 0 0
368 352 256 448 288 0 0
368 352 336 448 368 0 0
368 272 336 240 368 0 0
368 208 240 192 192 0 0
x 125 94 373 97 4 24 soft\spower\soff20211004
x 400 246 464 249 4 16 IRFZ44N
